500_64; 500_64:1.0000000000000002 1000_64:0.9628233519400027 1500_64:0.8736133309328848 2000_64:0.393838752968308 2500_64:-0.4502852019584754 3000_64:-0.7181366431983288 3500_64:-0.8258212516434608 4000_64:-0.8587981580047622 4500_64:-0.8927646241761796 5000_64:-0.9037134971415447 5500_64:-0.8885527728182628 6000_64:-0.8558429856183568 6500_64:-0.8071724903688388 7000_64:-0.743886063722763 7500_64:-0.6764975170454957 8000_64:-0.6225502888311741 8500_64:-0.5634650096991137 9000_64:-0.5464355114163244 9500_64:-0.4950780791952659 10000_64:-0.4069397644967266 500_256:0.9557173208456906 1000_256:0.9740550116817072 1500_256:0.9694940586660141 2000_256:0.9559419932417005 2500_256:0.9220154669603187 3000_256:0.8889236188299192 3500_256:0.8165907464005738 4000_256:0.7552332543863771 4500_256:0.6080142375292145 5000_256:0.41901884679998996 5500_256:0.13459037995253156 6000_256:-0.012525971874338722 6500_256:-0.19073115654861061 7000_256:-0.3756823820523814 7500_256:-0.41776594376662396 8000_256:-0.491711372083781 8500_256:-0.5445012666576607 9000_256:-0.5589897633438411 9500_256:-0.6897528068622522 10000_256:-0.7021552223433368 500_imix:0.9027474349520919 1000_imix:0.8837522161302209 1500_imix:0.8607888665687934 2000_imix:0.8424390415093505 2500_imix:0.8019655965095462 3000_imix:0.7813467460847295 3500_imix:0.7630771329250219 4000_imix:0.6849651815424906 4500_imix:0.6979002480374393 5000_imix:0.6305712376205997 5500_imix:0.44242580836176437 6000_imix:0.5983178644467588 6500_imix:0.36570650147098543 7000_imix:0.2906637836112729 7500_imix:0.07701633859080814 8000_imix:-0.057462934689862126 8500_imix:-0.24798955097427713 9000_imix:-0.393728520562902 9500_imix:-0.49343007018081636 10000_imix:-0.6031926709913799 
 ; 
 ; 
1000_64; 500_64:0.9628233519400027 1000_64:1.0 1500_64:0.9468984997321765 2000_64:0.5414276165165921 2500_64:-0.2974639412221615 3000_64:-0.5934694654601388 3500_64:-0.7346367835412284 4000_64:-0.7831399671295783 4500_64:-0.8495286988020246 5000_64:-0.8798847149879147 5500_64:-0.897116743859011 6000_64:-0.8891844037074732 6500_64:-0.8677285974624748 7000_64:-0.8263573140926503 7500_64:-0.78066748712464 8000_64:-0.7394306248983126 8500_64:-0.6946162756986679 9000_64:-0.6834940842057952 9500_64:-0.635545737707095 10000_64:-0.5573393750178989 500_256:0.902530975050898 1000_256:0.93662745757329 1500_256:0.962952714238646 2000_256:0.9818975282239321 2500_256:0.9678039741460112 3000_256:0.9568808164792136 3500_256:0.9204406411483085 4000_256:0.8851506737724152 4500_256:0.7686421389200574 5000_256:0.6207513109367867 5500_256:0.34276807424610645 6000_256:0.21240484680414323 6500_256:0.03101812394009358 7000_256:-0.16873092142031718 7500_256:-0.22013082063770656 8000_256:-0.29493195069194783 8500_256:-0.3570995628653451 9000_256:-0.42673775767372135 9500_256:-0.5067334030057898 10000_256:-0.5392958557771157 500_imix:0.8282447145209263 1000_imix:0.8060172350921166 1500_imix:0.7985407787878656 2000_imix:0.7922042664524422 2500_imix:0.7648525773752815 3000_imix:0.7655168334415732 3500_imix:0.7491230116931977 4000_imix:0.6721170807429608 4500_imix:0.6983581787328512 5000_imix:0.6284321239844897 5500_imix:0.40005538860042417 6000_imix:0.6404247155233552 6500_imix:0.40546271133386086 7000_imix:0.3224024656522243 7500_imix:0.13694860025212502 8000_imix:-0.011578898120773987 8500_imix:-0.18089811579564533 9000_imix:-0.3094582745784719 9500_imix:-0.414387224867853 10000_imix:-0.5156288162478565 
 ; 
 ; 
1500_64; 500_64:0.8736133309328848 1000_64:0.9468984997321765 1500_64:1.0 2000_64:0.7553155822139773 2500_64:-0.005773351866644809 3000_64:-0.3424015646386331 3500_64:-0.5102606342388345 4000_64:-0.5764525259698451 4500_64:-0.6594903331186536 5000_64:-0.7298890403124887 5500_64:-0.7701413750133416 6000_64:-0.7912201701605982 6500_64:-0.7956111713126283 7000_64:-0.7850464576580023 7500_64:-0.7537349714219845 8000_64:-0.7498598587244475 8500_64:-0.7222644967142435 9000_64:-0.7248762307732076 9500_64:-0.7010039821951277 10000_64:-0.6348125551560418 500_256:0.7600252751436771 1000_256:0.8021074080561759 1500_256:0.8412783310434752 2000_256:0.8876611710630337 2500_256:0.9002830422854371 3000_256:0.9174280318998762 3500_256:0.9087370424027804 4000_256:0.9133452208796919 4500_256:0.844380777586559 5000_256:0.7439302496622673 5500_256:0.5556425793489177 6000_256:0.4258707538647993 6500_256:0.2645969024953886 7000_256:0.06604851859956555 7500_256:0.033661334055796285 8000_256:-0.050420751355287216 8500_256:-0.11503164102343984 9000_256:-0.21582955549452312 9500_256:-0.3045545707405922 10000_256:-0.32000252489178665 500_imix:0.6431863875526047 1000_imix:0.6204902675416227 1500_imix:0.6158498329714787 2000_imix:0.6155819500825629 2500_imix:0.5918519393015003 3000_imix:0.5857107506391188 3500_imix:0.5787864588538733 4000_imix:0.4892149858073714 4500_imix:0.5578791006484806 5000_imix:0.45478564088971607 5500_imix:0.2793619647401009 6000_imix:0.5254093021004149 6500_imix:0.28199800661307173 7000_imix:0.23375570750706157 7500_imix:0.05848853263586875 8000_imix:-0.041141823096609666 8500_imix:-0.14832872586777676 9000_imix:-0.23367441140903905 9500_imix:-0.35249875959039556 10000_imix:-0.43491477235966136 
 ; 
 ; 
2000_64; 500_64:0.393838752968308 1000_64:0.5414276165165921 1500_64:0.7553155822139773 2000_64:1.0000000000000002 2500_64:0.5859811460652052 3000_64:0.30300502951470654 3500_64:0.12929386530998896 4000_64:0.0567906110403848 4500_64:-0.07435656490797278 5000_64:-0.17757934193275987 5500_64:-0.268703346236469 6000_64:-0.35133128990237256 6500_64:-0.42356471186317207 7000_64:-0.45146970606336023 7500_64:-0.4974557612478866 8000_64:-0.5553356474770856 8500_64:-0.5876346143182982 9000_64:-0.6002147094498955 9500_64:-0.6361687909816371 10000_64:-0.6295008884463638 500_256:0.2513115857258914 1000_256:0.26863328067930925 1500_256:0.3465797119029277 2000_256:0.43884899332496924 2500_256:0.5063417099067897 3000_256:0.5488621637578392 3500_256:0.622821200358906 4000_256:0.7090752328422496 4500_256:0.7449220604167888 5000_256:0.8221787599794557 5500_256:0.8550981454069975 6000_256:0.7841636311105036 6500_256:0.7400480562104835 7000_256:0.5730241658473925 7500_256:0.5594649389392468 8000_256:0.5040322006721984 8500_256:0.4576106393649674 9000_256:0.3198302268776261 9500_256:0.292481720462515 10000_256:0.30270969005322834 500_imix:0.04639751471310895 1000_imix:0.02566178152084484 1500_imix:0.016674538694236955 2000_imix:0.022861214840532617 2500_imix:0.0061857057769603 3000_imix:0.022674347198929003 3500_imix:0.04728888599066464 4000_imix:-0.03641059562516733 4500_imix:0.045974686571360626 5000_imix:-0.00018519611009749958 5500_imix:-0.06008817664982915 6000_imix:0.10915794047202876 6500_imix:-0.05293232743738239 7000_imix:-0.048135000057562605 7500_imix:-0.12531404074616712 8000_imix:-0.08881308841034999 8500_imix:-0.07346932430819447 9000_imix:0.004164270500082614 9500_imix:-0.0787163750102283 10000_imix:-0.07534558104084528 
 ; 
 ; 
2500_64; 500_64:-0.4502852019584754 1000_64:-0.2974639412221615 1500_64:-0.005773351866644809 2000_64:0.5859811460652052 2500_64:1.0 3000_64:0.9201754521493405 3500_64:0.8416658347983386 4000_64:0.7907586101031943 4500_64:0.7031337784708176 5000_64:0.5987217695071759 5500_64:0.5060417264626521 6000_64:0.40198194192589604 6500_64:0.2950785394101606 7000_64:0.1939253285989875 7500_64:0.09884796533174704 8000_64:-0.011422470297844895 8500_64:-0.10538203974293409 9000_64:-0.12183740159061868 9500_64:-0.21684256861819087 10000_64:-0.2856602390408811 500_256:-0.5730641117685367 1000_256:-0.5511109103408509 1500_256:-0.4908952661864328 2000_256:-0.4140373051325906 2500_256:-0.3214824132505928 3000_256:-0.2379198054744489 3500_256:-0.1201869906422836 4000_256:-0.0017319677498334142 4500_256:0.17004613424274348 5000_256:0.3915071966489496 5500_256:0.642018383611034 6000_256:0.7027559739195801 6500_256:0.7996167268418934 7000_256:0.8175349077601036 7500_256:0.8532398363311705 8000_256:0.8617463165932044 8500_256:0.8575246663350427 9000_256:0.752824622357062 9500_256:0.8001216012669039 10000_256:0.8128627723106485 500_imix:-0.7070222239828088 1000_imix:-0.7015482532145787 1500_imix:-0.6829741090533725 2000_imix:-0.6592428344144002 2500_imix:-0.6386609156932941 3000_imix:-0.6230489508305309 3500_imix:-0.5850041598183334 4000_imix:-0.5924859547070899 4500_imix:-0.49235037421354216 5000_imix:-0.5099575607547066 5500_imix:-0.3833904553457503 6000_imix:-0.33264566300361126 6500_imix:-0.3185272150577006 7000_imix:-0.2117758839564014 7500_imix:-0.13198368673208494 8000_imix:0.02816047310324427 8500_imix:0.2205596288576473 9000_imix:0.38886376796832905 9500_imix:0.36430855043973454 10000_imix:0.45331654480676303 
 ; 
 ; 
3000_64; 500_64:-0.7181366431983288 1000_64:-0.5934694654601388 1500_64:-0.3424015646386331 2000_64:0.30300502951470654 2500_64:0.9201754521493405 3000_64:1.0000000000000002 3500_64:0.9751887203448216 4000_64:0.9586980803960873 4500_64:0.9050645277132379 5000_64:0.8434303367362631 5500_64:0.7650077144602833 6000_64:0.6762531372105232 6500_64:0.5790003445508144 7000_64:0.4904164018060449 7500_64:0.38923615595889666 8000_64:0.2936870852378282 8500_64:0.21306059982854006 9000_64:0.18053076891837563 9500_64:0.10544540828476334 10000_64:0.011542692133264858 500_256:-0.7908051478884673 1000_256:-0.7967358284493473 1500_256:-0.746320846012287 2000_256:-0.6886864357060921 2500_256:-0.6148288619385516 3000_256:-0.5442814171596031 3500_256:-0.429174089889982 4000_256:-0.31092949447479096 4500_256:-0.13484050960163962 5000_256:0.10665887012651674 5500_256:0.3956205952069031 6000_256:0.5044844902358547 6500_256:0.6603809484111826 7000_256:0.7527864913862873 7500_256:0.8017681975759806 8000_256:0.8197474385156687 8500_256:0.8439752706239945 9000_256:0.7779209013884837 9500_256:0.8661265594403155 10000_256:0.8866493771361963 500_imix:-0.9028449416158174 1000_imix:-0.9027349364013454 1500_imix:-0.8938053757584511 2000_imix:-0.8763181466125234 2500_imix:-0.8530524037406068 3000_imix:-0.8295809086424838 3500_imix:-0.8002236569345783 4000_imix:-0.7830005829289101 4500_imix:-0.7250877544293928 5000_imix:-0.6977023812629645 5500_imix:-0.5185659816361001 6000_imix:-0.5729165963432125 6500_imix:-0.48032452722819663 7000_imix:-0.39096171014826325 7500_imix:-0.24201450544298225 8000_imix:-0.08089778296210585 8500_imix:0.1332736298680863 9000_imix:0.3315126336180082 9500_imix:0.3650497055987433 10000_imix:0.48399519841960204 
 ; 
 ; 
3500_64; 500_64:-0.8258212516434608 1000_64:-0.7346367835412284 1500_64:-0.5102606342388345 2000_64:0.12929386530998896 2500_64:0.8416658347983386 3000_64:0.9751887203448216 3500_64:0.9999999999999998 4000_64:0.9885498484046731 4500_64:0.9585821734045038 5000_64:0.9123789467518477 5500_64:0.8505848939897737 6000_64:0.7720226610847984 6500_64:0.6852018040200922 7000_64:0.6011674663110458 7500_64:0.5013203649560348 8000_64:0.4068107139797127 8500_64:0.321847397890976 9000_64:0.29637392905058857 9500_64:0.21814638952576323 10000_64:0.12640526830011015 500_256:-0.8821189879894177 1000_256:-0.8926511256177149 1500_256:-0.8571365205743264 2000_256:-0.8104698856111566 2500_256:-0.7377969589844084 3000_256:-0.6764307813662988 3500_256:-0.572379972323669 4000_256:-0.46092975878199877 4500_256:-0.2821807660297755 5000_256:-0.050841136410320134 5500_256:0.24950382567402593 6000_256:0.3830764321037877 6500_256:0.5553575447504708 7000_256:0.6775221519427586 7500_256:0.732580022533701 8000_256:0.7732988759218674 8500_256:0.8099294605595467 9000_256:0.7609419836988016 9500_256:0.8575943675078934 10000_256:0.8864662079289447 500_imix:-0.9504205437378728 1000_imix:-0.948902451909978 1500_imix:-0.9339479723706712 2000_imix:-0.9175540277281931 2500_imix:-0.8879224219299513 3000_imix:-0.8699166759832998 3500_imix:-0.8356237207634375 4000_imix:-0.805841862186766 4500_imix:-0.7623393397372088 5000_imix:-0.7108476891681433 5500_imix:-0.5213154123638317 6000_imix:-0.6255419449369065 6500_imix:-0.48008157630415077 7000_imix:-0.38481535384764926 7500_imix:-0.23184020024884316 8000_imix:-0.04489624039870985 8500_imix:0.16732718162331212 9000_imix:0.36486241962668037 9500_imix:0.4204177802711346 10000_imix:0.5379868429524233 
 ; 
 ; 
4000_64; 500_64:-0.8587981580047622 1000_64:-0.7831399671295783 1500_64:-0.5764525259698451 2000_64:0.0567906110403848 2500_64:0.7907586101031943 3000_64:0.9586980803960873 3500_64:0.9885498484046731 4000_64:1.0 4500_64:0.983252607738607 5000_64:0.9554953446643935 5500_64:0.9069402723749788 6000_64:0.8416912748697266 6500_64:0.7657633854653686 7000_64:0.6931365970705983 7500_64:0.6006782235334108 8000_64:0.5160724808227557 8500_64:0.4351130993214997 9000_64:0.4085217000735229 9500_64:0.33670606693931804 10000_64:0.24699698898959296 500_256:-0.9002904377257875 1000_256:-0.9226130759511484 1500_256:-0.8933172589526741 2000_256:-0.8562214846536057 2500_256:-0.8005750987564381 3000_256:-0.7473908573262452 3500_256:-0.6500049660074385 4000_256:-0.5463702305084328 4500_256:-0.3809546877790708 5000_256:-0.14940260472591238 5500_256:0.1551082551180908 6000_256:0.28573590012597266 6500_256:0.4710972688800245 7000_256:0.6012992661887656 7500_256:0.6613779680684301 8000_256:0.7038246935338028 8500_256:0.7480435437326077 9000_256:0.7160376675565704 9500_256:0.8144753658816986 10000_256:0.8447991395604164 500_imix:-0.9739017089126893 1000_imix:-0.9713096530608308 1500_imix:-0.9669792506824749 2000_imix:-0.9555948324546357 2500_imix:-0.9347343367829674 3000_imix:-0.916189498425406 3500_imix:-0.890984388988208 4000_imix:-0.8567057699928432 4500_imix:-0.8284449199582389 5000_imix:-0.7808135711017785 5500_imix:-0.5694493725390184 6000_imix:-0.706523778203211 6500_imix:-0.5564865164573795 7000_imix:-0.4703305750129301 7500_imix:-0.2981161208115174 8000_imix:-0.1270145396081036 8500_imix:0.0846612029188603 9000_imix:0.2869570546551689 9500_imix:0.3550872791195302 10000_imix:0.483081252372121 
 ; 
 ; 
4500_64; 500_64:-0.8927646241761796 1000_64:-0.8495286988020246 1500_64:-0.6594903331186536 2000_64:-0.07435656490797278 2500_64:0.7031337784708176 3000_64:0.9050645277132379 3500_64:0.9585821734045038 4000_64:0.983252607738607 4500_64:1.0 5000_64:0.9856031077783014 5500_64:0.9594281850732514 6000_64:0.9133080721229158 6500_64:0.856313152066327 7000_64:0.7886501391599636 7500_64:0.7171930432498557 8000_64:0.6383815060320738 8500_64:0.5662809077399816 9000_64:0.5388470109705875 9500_64:0.4720607370105012 10000_64:0.38976211811241046 500_256:-0.9248676056079785 1000_256:-0.9507721174647163 1500_256:-0.9408268708058266 2000_256:-0.9188807135047085 2500_256:-0.8787350335030907 3000_256:-0.8296627457806472 3500_256:-0.7517481984787656 4000_256:-0.6597584759214502 4500_256:-0.503586160905918 5000_256:-0.2975319939661846 5500_256:0.01357415690717343 6000_256:0.14166762094449084 6500_256:0.3323006103525138 7000_256:0.4833726097324694 7500_256:0.5569903046523893 8000_256:0.6009207850504521 8500_256:0.6522385017465102 9000_256:0.6405680647755972 9500_256:0.7287622912213487 10000_256:0.7679852278984917 500_imix:-0.977309559315178 1000_imix:-0.975219243112278 1500_imix:-0.9767728031426306 2000_imix:-0.9688571624138422 2500_imix:-0.9504010741340142 3000_imix:-0.9454421751009401 3500_imix:-0.9285624649421459 4000_imix:-0.8902159111859802 4500_imix:-0.8644667389182316 5000_imix:-0.8337033810772826 5500_imix:-0.6039013957553135 6000_imix:-0.7681786726791461 6500_imix:-0.6124311560769988 7000_imix:-0.5229178919710457 7500_imix:-0.34905270013967665 8000_imix:-0.18270761482493644 8500_imix:0.03463349723322623 9000_imix:0.22093723959173936 9500_imix:0.29748248765874463 10000_imix:0.4235006610422076 
 ; 
 ; 
5000_64; 500_64:-0.9037134971415447 1000_64:-0.8798847149879147 1500_64:-0.7298890403124887 2000_64:-0.17757934193275987 2500_64:0.5987217695071759 3000_64:0.8434303367362631 3500_64:0.9123789467518477 4000_64:0.9554953446643935 4500_64:0.9856031077783014 5000_64:1.0 5500_64:0.9885889859243477 6000_64:0.9604248057521325 6500_64:0.9165158835418677 7000_64:0.8675426911839793 7500_64:0.8004946206392899 8000_64:0.7377927176573242 8500_64:0.6655558657008807 9000_64:0.6439276456185883 9500_64:0.5858104397711924 10000_64:0.510461770868423 500_256:-0.9085548039169066 1000_256:-0.9495900195528625 1500_256:-0.945565594264157 2000_256:-0.9392727667167577 2500_256:-0.9159624967184172 3000_256:-0.8816540577057951 3500_256:-0.8136293832018764 4000_256:-0.7350017414380439 4500_256:-0.5990947409773868 5000_256:-0.4018699492884475 5500_256:-0.11582498309960329 6000_256:0.019741686454288348 6500_256:0.2212985935533137 7000_256:0.3728751929037117 7500_256:0.4458663479572941 8000_256:0.4992065791592591 8500_256:0.5590231614611411 9000_256:0.5653008688177847 9500_256:0.6639232389147677 10000_256:0.7005890557557194 500_imix:-0.9613080519216245 1000_imix:-0.9627033637161229 1500_imix:-0.9764750060675992 2000_imix:-0.9756271403182172 2500_imix:-0.9651640253628668 3000_imix:-0.9559174263072124 3500_imix:-0.9477507284667553 4000_imix:-0.9056730867246069 4500_imix:-0.9070294174663968 5000_imix:-0.8548274816842852 5500_imix:-0.630163169311921 6000_imix:-0.8238680672988853 6500_imix:-0.6619273560134511 7000_imix:-0.5922238228501366 7500_imix:-0.41014648120462294 8000_imix:-0.26007919688221487 8500_imix:-0.06111260284657764 9000_imix:0.12483540854021924 9500_imix:0.22057803475462293 10000_imix:0.35210628301631053 
 ; 
 ; 
5500_64; 500_64:-0.8885527728182628 1000_64:-0.897116743859011 1500_64:-0.7701413750133416 2000_64:-0.268703346236469 2500_64:0.5060417264626521 3000_64:0.7650077144602833 3500_64:0.8505848939897737 4000_64:0.9069402723749788 4500_64:0.9594281850732514 5000_64:0.9885889859243477 5500_64:1.0000000000000002 6000_64:0.9901426718144827 6500_64:0.9644989791957528 7000_64:0.926828000628466 7500_64:0.8762274371641094 8000_64:0.8220358043617236 8500_64:0.7518813615731735 9000_64:0.7344021838033611 9500_64:0.679772844875886 10000_64:0.6192370852651833 500_256:-0.8850830960962118 1000_256:-0.9300291786487231 1500_256:-0.9425607737947878 2000_256:-0.9518066803236467 2500_256:-0.9407449198340122 3000_256:-0.9165538471983367 3500_256:-0.8674451848682574 4000_256:-0.80651630056366 4500_256:-0.6871599271686839 5000_256:-0.5138228876826024 5500_256:-0.23788090055944489 6000_256:-0.11111897823422258 6500_256:0.08982676997094664 7000_256:0.24722565590894768 7500_256:0.32639672191775826 8000_256:0.38493014548355237 8500_256:0.4481564493549159 9000_256:0.46931296842821346 9500_256:0.5592000983243786 10000_256:0.6022701370316799 500_imix:-0.9259412424698875 1000_imix:-0.9271517051005776 1500_imix:-0.9471507093742062 2000_imix:-0.951974668726988 2500_imix:-0.9485016527406035 3000_imix:-0.9499730482137122 3500_imix:-0.9468978977825966 4000_imix:-0.9038785675525467 4500_imix:-0.9122852418934738 5000_imix:-0.8676950562369794 5500_imix:-0.6453294251105413 6000_imix:-0.8554397654633413 6500_imix:-0.6983541944306346 7000_imix:-0.6266561078557499 7500_imix:-0.4574471877321306 8000_imix:-0.30893977696111613 8500_imix:-0.11923402601203577 9000_imix:0.05165173953365784 9500_imix:0.1500195513548882 10000_imix:0.2795150304164264 
 ; 
 ; 
6000_64; 500_64:-0.8558429856183568 1000_64:-0.8891844037074732 1500_64:-0.7912201701605982 2000_64:-0.35133128990237256 2500_64:0.40198194192589604 3000_64:0.6762531372105232 3500_64:0.7720226610847984 4000_64:0.8416912748697266 4500_64:0.9133080721229158 5000_64:0.9604248057521325 5500_64:0.9901426718144827 6000_64:1.0 6500_64:0.9907460721659787 7000_64:0.9651854408132885 7500_64:0.9303818356793713 8000_64:0.8887650825194697 8500_64:0.8228152619464402 9000_64:0.809602630710813 9500_64:0.7616764144124505 10000_64:0.7136561800579706 500_256:-0.8390700918397892 1000_256:-0.8895189638565272 1500_256:-0.913872354414595 2000_256:-0.939188663098178 2500_256:-0.9439727684738963 3000_256:-0.9296541844004402 3500_256:-0.8976230352072624 4000_256:-0.8537341550875575 4500_256:-0.7548387128110162 5000_256:-0.604066330051806 5500_256:-0.3498795997290133 6000_256:-0.23134541020088142 6500_256:-0.0333940854443098 7000_256:0.12375643130589141 7500_256:0.20530653836649373 8000_256:0.26584306357034876 8500_256:0.33269304813774014 9000_256:0.37106203242684277 9500_256:0.45255870905660517 10000_256:0.49676815255543644 500_imix:-0.8728869379146241 1000_imix:-0.873741452873197 1500_imix:-0.9035766131196199 2000_imix:-0.9140638538183119 2500_imix:-0.9184532536751915 3000_imix:-0.9260066552942006 3500_imix:-0.9321497412578539 4000_imix:-0.8883540550157356 4500_imix:-0.9089148846815687 5000_imix:-0.8692105649803771 5500_imix:-0.6497735739887206 6000_imix:-0.8730492664331398 6500_imix:-0.7261798697207449 7000_imix:-0.6632484609570307 7500_imix:-0.4986084797862701 8000_imix:-0.3674324150887523 8500_imix:-0.19110899005838541 9000_imix:-0.03771889419547944 9500_imix:0.06625010347300392 10000_imix:0.1926559867823261 
 ; 
 ; 
6500_64; 500_64:-0.8071724903688388 1000_64:-0.8677285974624748 1500_64:-0.7956111713126283 2000_64:-0.42356471186317207 2500_64:0.2950785394101606 3000_64:0.5790003445508144 3500_64:0.6852018040200922 4000_64:0.7657633854653686 4500_64:0.856313152066327 5000_64:0.9165158835418677 5500_64:0.9644989791957528 6000_64:0.9907460721659787 6500_64:0.9999999999999999 7000_64:0.9872820351505656 7500_64:0.9694528531353278 8000_64:0.9379971509543528 8500_64:0.8807611040038406 9000_64:0.8699315535734327 9500_64:0.8306559659688376 10000_64:0.7958251264512266 500_256:-0.7839082776065097 1000_256:-0.838820112586842 1500_256:-0.8763434754964616 2000_256:-0.9132141099552246 2500_256:-0.9336610706835975 3000_256:-0.9277129830519593 3500_256:-0.9142862894282199 4000_256:-0.8838535019992196 4500_256:-0.8060413823583796 5000_256:-0.6863531237481665 5500_256:-0.4550443617905499 6000_256:-0.34588485077691217 6500_256:-0.1550551014700665 7000_256:0.000664550985134132 7500_256:0.08805614277982246 8000_256:0.14795309159706024 8500_256:0.21741945086357592 9000_256:0.2664778556908886 9500_256:0.3384023174367686 10000_256:0.386339469141868 500_imix:-0.8078205681801232 1000_imix:-0.812062914315836 1500_imix:-0.8475289920243985 2000_imix:-0.862747884178264 2500_imix:-0.8727348430780132 3000_imix:-0.8880966298279603 3500_imix:-0.9010242931391501 4000_imix:-0.8594237299431536 4500_imix:-0.8860683841254826 5000_imix:-0.85661145552288 5500_imix:-0.644185051781114 6000_imix:-0.8780608054544642 6500_imix:-0.7387225515904413 7000_imix:-0.683040511269597 7500_imix:-0.5332713911022211 8000_imix:-0.4165434812106352 8500_imix:-0.25711859430768363 9000_imix:-0.12123903047346123 9500_imix:-0.01581295411406996 10000_imix:0.10235462214741767 
 ; 
 ; 
7000_64; 500_64:-0.743886063722763 1000_64:-0.8263573140926503 1500_64:-0.7850464576580023 2000_64:-0.45146970606336023 2500_64:0.1939253285989875 3000_64:0.4904164018060449 3500_64:0.6011674663110458 4000_64:0.6931365970705983 4500_64:0.7886501391599636 5000_64:0.8675426911839793 5500_64:0.926828000628466 6000_64:0.9651854408132885 6500_64:0.9872820351505656 7000_64:0.9999999999999999 7500_64:0.9876549665521857 8000_64:0.969620004944713 8500_64:0.9189974867602742 9000_64:0.9164891484395536 9500_64:0.8829715912864022 10000_64:0.8538360720750151 500_256:-0.7015211341247758 1000_256:-0.7732797578672586 1500_256:-0.8167678422389312 2000_256:-0.8649126628667048 2500_256:-0.9019966834650639 3000_256:-0.9155960270717672 3500_256:-0.9149630209885737 4000_256:-0.8929182217990321 4500_256:-0.8467014921085128 5000_256:-0.7431422433096242 5500_256:-0.5341743874515126 6000_256:-0.43686623188562945 6500_256:-0.24444562307075687 7000_256:-0.11092462441565624 7500_256:-0.02687707566143891 8000_256:0.03512709407358529 8500_256:0.10788534450348486 9000_256:0.1697128771745517 9500_256:0.23967732161689373 10000_256:0.29090303224092573 500_imix:-0.7357101494897144 1000_imix:-0.7455000663141006 1500_imix:-0.7949782397130679 2000_imix:-0.8173881555161199 2500_imix:-0.8376005599237493 3000_imix:-0.8495880756722493 3500_imix:-0.8662707175090615 4000_imix:-0.8294741056633876 4500_imix:-0.8793761545100383 5000_imix:-0.8289154778121557 5500_imix:-0.6341305225432695 6000_imix:-0.8865321035275034 6500_imix:-0.7522894166764926 7000_imix:-0.7156704453282577 7500_imix:-0.575277891484432 8000_imix:-0.4678403149833216 8500_imix:-0.3405614543940827 9000_imix:-0.20289983341064635 9500_imix:-0.08778754131829099 10000_imix:0.025469856069306074 
 ; 
 ; 
7500_64; 500_64:-0.6764975170454957 1000_64:-0.78066748712464 1500_64:-0.7537349714219845 2000_64:-0.4974557612478866 2500_64:0.09884796533174704 3000_64:0.38923615595889666 3500_64:0.5013203649560348 4000_64:0.6006782235334108 4500_64:0.7171930432498557 5000_64:0.8004946206392899 5500_64:0.8762274371641094 6000_64:0.9303818356793713 6500_64:0.9694528531353278 7000_64:0.9876549665521857 7500_64:1.0000000000000002 8000_64:0.9905049823966493 8500_64:0.9555177381518307 9000_64:0.9498007096887657 9500_64:0.9261746294311846 10000_64:0.9097606123870813 500_256:-0.6331360792484203 1000_256:-0.7029349158162594 1500_256:-0.7597721359731061 2000_256:-0.8166555599147859 2500_256:-0.8671388436706888 3000_256:-0.8837654835292174 3500_256:-0.9022539140511348 4000_256:-0.8943146769841626 4500_256:-0.8657299858312711 5000_256:-0.796276567446006 5500_256:-0.5996536538018434 6000_256:-0.52514443397828 6500_256:-0.34840068179101547 7000_256:-0.2143233818508429 7500_256:-0.12515076534462474 8000_256:-0.07368586657430452 8500_256:-0.002989012415644993 9000_256:0.07035997997387058 9500_256:0.11935715409616758 10000_256:0.17584144529292622 500_imix:-0.6566981189647748 1000_imix:-0.6661954699942337 1500_imix:-0.7212923779795329 2000_imix:-0.7466915310630439 2500_imix:-0.7720687621644934 3000_imix:-0.7973874658461236 3500_imix:-0.8225458638753937 4000_imix:-0.7896412972276275 4500_imix:-0.8352861043204283 5000_imix:-0.8156553485004144 5500_imix:-0.621396705939272 6000_imix:-0.8706160924525609 6500_imix:-0.7588716517443327 7000_imix:-0.7236921327223234 7500_imix:-0.5969085227025983 8000_imix:-0.5105989227336831 8500_imix:-0.3895855340331538 9000_imix:-0.27982166529501495 9500_imix:-0.1720255612067033 10000_imix:-0.06909598159596511 
 ; 
 ; 
8000_64; 500_64:-0.6225502888311741 1000_64:-0.7394306248983126 1500_64:-0.7498598587244475 2000_64:-0.5553356474770856 2500_64:-0.011422470297844895 3000_64:0.2936870852378282 3500_64:0.4068107139797127 4000_64:0.5160724808227557 4500_64:0.6383815060320738 5000_64:0.7377927176573242 5500_64:0.8220358043617236 6000_64:0.8887650825194697 6500_64:0.9379971509543528 7000_64:0.969620004944713 7500_64:0.9905049823966493 8000_64:0.9999999999999998 8500_64:0.9797432170749919 9000_64:0.9752444249924558 9500_64:0.964690294201334 10000_64:0.9500692969233991 500_256:-0.5601547796849556 1000_256:-0.6339643520353301 1500_256:-0.693936359221073 2000_256:-0.7635655874659547 2500_256:-0.8234272846681052 3000_256:-0.8510898846250358 3500_256:-0.8805655087452369 4000_256:-0.8913118348936572 4500_256:-0.8833431878251776 5000_256:-0.8311641382791466 5500_256:-0.6683648910098543 6000_256:-0.6033167347488657 6500_256:-0.43500526339545614 7000_256:-0.2979238160927136 7500_256:-0.2173936322638648 8000_256:-0.17373717763122443 8500_256:-0.10387521579945797 9000_256:-0.019181860901629266 9500_256:0.03152610915904534 10000_256:0.08386844868315046 500_imix:-0.5815259588887558 1000_imix:-0.5920663195779149 1500_imix:-0.6531516506154061 2000_imix:-0.6836814618097323 2500_imix:-0.7144677373413825 3000_imix:-0.7390098760602629 3500_imix:-0.770317656168995 4000_imix:-0.736167911398847 4500_imix:-0.7975773157484621 5000_imix:-0.770285444087818 5500_imix:-0.5991023923941408 6000_imix:-0.8454082880120671 6500_imix:-0.7475914973539838 7000_imix:-0.7269638236179015 7500_imix:-0.6059294763374586 8000_imix:-0.5430494416623616 8500_imix:-0.442088518619513 9000_imix:-0.3501807513300063 9500_imix:-0.23969879331036953 10000_imix:-0.13927555556715418 
 ; 
 ; 
8500_64; 500_64:-0.5634650096991137 1000_64:-0.6946162756986679 1500_64:-0.7222644967142435 2000_64:-0.5876346143182982 2500_64:-0.10538203974293409 3000_64:0.21306059982854006 3500_64:0.321847397890976 4000_64:0.4351130993214997 4500_64:0.5662809077399816 5000_64:0.6655558657008807 5500_64:0.7518813615731735 6000_64:0.8228152619464402 6500_64:0.8807611040038406 7000_64:0.9189974867602742 7500_64:0.9555177381518307 8000_64:0.9797432170749919 8500_64:1.0 9000_64:0.9819702218750472 9500_64:0.991384062083986 10000_64:0.9638293025710021 500_256:-0.49535335302366773 1000_256:-0.5695220594389034 1500_256:-0.6340614113152776 2000_256:-0.7079670152121877 2500_256:-0.7745006004890308 3000_256:-0.806611827618224 3500_256:-0.8490623987724342 4000_256:-0.8685480745961227 4500_256:-0.8763508862739863 5000_256:-0.8498766248793442 5500_256:-0.69299933280381 6000_256:-0.6506158134117521 6500_256:-0.4960705934032151 7000_256:-0.33930014289490407 7500_256:-0.2624313693567682 8000_256:-0.2495726212782911 8500_256:-0.18242592251268727 9000_256:-0.08811367789560175 9500_256:-0.05016737525077587 10000_256:0.009179742333102463 500_imix:-0.5089530992094824 1000_imix:-0.5218645663233296 1500_imix:-0.5850197914287496 2000_imix:-0.6181004022108794 2500_imix:-0.6493342898152337 3000_imix:-0.6807824207444008 3500_imix:-0.7154779721682336 4000_imix:-0.683701126678349 4500_imix:-0.7449754826469156 5000_imix:-0.7330093967922637 5500_imix:-0.5668762139312806 6000_imix:-0.8135198128933008 6500_imix:-0.727701117116555 7000_imix:-0.7143666555936556 7500_imix:-0.5982249536989575 8000_imix:-0.5584438719161449 8500_imix:-0.46422912749886364 9000_imix:-0.3932859385053472 9500_imix:-0.28743029634501993 10000_imix:-0.19588138611465378 
 ; 
 ; 
9000_64; 500_64:-0.5464355114163244 1000_64:-0.6834940842057952 1500_64:-0.7248762307732076 2000_64:-0.6002147094498955 2500_64:-0.12183740159061868 3000_64:0.18053076891837563 3500_64:0.29637392905058857 4000_64:0.4085217000735229 4500_64:0.5388470109705875 5000_64:0.6439276456185883 5500_64:0.7344021838033611 6000_64:0.809602630710813 6500_64:0.8699315535734327 7000_64:0.9164891484395536 7500_64:0.9498007096887657 8000_64:0.9752444249924558 8500_64:0.9819702218750472 9000_64:1.0 9500_64:0.9825991647257892 10000_64:0.9518249391117092 500_256:-0.4747986382286348 1000_256:-0.5508251464993327 1500_256:-0.6180714391769379 2000_256:-0.6971227044712669 2500_256:-0.7684358005625355 3000_256:-0.8083438025377625 3500_256:-0.8532603154398218 4000_256:-0.874882551394063 4500_256:-0.8916113066326389 5000_256:-0.8629676757380434 5500_256:-0.7199403150243212 6000_256:-0.6754548285252131 6500_256:-0.5194540827423263 7000_256:-0.3908560626668591 7500_256:-0.31760936961612896 8000_256:-0.28317947873099303 8500_256:-0.2152649306847829 9000_256:-0.118644096531815 9500_256:-0.0830299553141769 10000_256:-0.029749107712510603 500_imix:-0.4882485727356963 1000_imix:-0.4982821690829998 1500_imix:-0.5627959400708598 2000_imix:-0.595088632752884 2500_imix:-0.6287312564761366 3000_imix:-0.6552061188673555 3500_imix:-0.6875899461009336 4000_imix:-0.6545097279309691 4500_imix:-0.7235205415445031 5000_imix:-0.6933728080585064 5500_imix:-0.53745267602435 6000_imix:-0.7813560945431505 6500_imix:-0.690802733097346 7000_imix:-0.6775940606907955 7500_imix:-0.567995035893259 8000_imix:-0.5185867328863333 8500_imix:-0.44213022036813976 9000_imix:-0.36779424465047744 9500_imix:-0.2612001596803845 10000_imix:-0.17470678271928783 
 ; 
 ; 
9500_64; 500_64:-0.4950780791952659 1000_64:-0.635545737707095 1500_64:-0.7010039821951277 2000_64:-0.6361687909816371 2500_64:-0.21684256861819087 3000_64:0.10544540828476334 3500_64:0.21814638952576323 4000_64:0.33670606693931804 4500_64:0.4720607370105012 5000_64:0.5858104397711924 5500_64:0.679772844875886 6000_64:0.7616764144124505 6500_64:0.8306559659688376 7000_64:0.8829715912864022 7500_64:0.9261746294311846 8000_64:0.964690294201334 8500_64:0.991384062083986 9000_64:0.9825991647257892 9500_64:0.9999999999999998 10000_64:0.9803016854564909 500_256:-0.4134091284651403 1000_256:-0.49059310863207056 1500_256:-0.5574146129205099 2000_256:-0.6380156797095147 2500_256:-0.7161174696757518 3000_256:-0.7574798800666931 3500_256:-0.8099360982677 4000_256:-0.8412618779813735 4500_256:-0.8705642145269255 5000_256:-0.8673441069240934 5500_256:-0.7553587908814232 6000_256:-0.7147764780990982 6500_256:-0.5725438702154517 7000_256:-0.42914864529700747 7500_256:-0.35812204307365997 8000_256:-0.3426348554358794 8500_256:-0.2756181389707483 9000_256:-0.17800382487100552 9500_256:-0.13662479439239356 10000_256:-0.0847657415115882 500_imix:-0.419805127414467 1000_imix:-0.4364897491483903 1500_imix:-0.5014318130457885 2000_imix:-0.536871225594432 2500_imix:-0.5707520074783264 3000_imix:-0.5982233769668375 3500_imix:-0.6382218700863366 4000_imix:-0.6072305699632282 4500_imix:-0.6823585116400473 5000_imix:-0.6617656567181528 5500_imix:-0.5241298681623118 6000_imix:-0.7639228138588925 6500_imix:-0.6834943913310497 7000_imix:-0.6894484969624446 7500_imix:-0.5847561574021389 8000_imix:-0.5689307911906369 8500_imix:-0.504236183019734 9000_imix:-0.4495881323495484 9500_imix:-0.34091541388714103 10000_imix:-0.2596228082642474 
 ; 
 ; 
10000_64; 500_64:-0.4069397644967266 1000_64:-0.5573393750178989 1500_64:-0.6348125551560418 2000_64:-0.6295008884463638 2500_64:-0.2856602390408811 3000_64:0.011542692133264858 3500_64:0.12640526830011015 4000_64:0.24699698898959296 4500_64:0.38976211811241046 5000_64:0.510461770868423 5500_64:0.6192370852651833 6000_64:0.7136561800579706 6500_64:0.7958251264512266 7000_64:0.8538360720750151 7500_64:0.9097606123870813 8000_64:0.9500692969233991 8500_64:0.9638293025710021 9000_64:0.9518249391117092 9500_64:0.9803016854564909 10000_64:1.0000000000000002 500_256:-0.3339752770019205 1000_256:-0.4075519483939776 1500_256:-0.479279101112263 2000_256:-0.559123416688469 2500_256:-0.6411961622642574 3000_256:-0.683642265562894 3500_256:-0.7461156345241325 4000_256:-0.7879155456710426 4500_256:-0.8289610715967379 5000_256:-0.8565742625085553 5500_256:-0.7837193479469614 6000_256:-0.74713372818208 6500_256:-0.6243099167548964 7000_256:-0.5017023032567772 7500_256:-0.42669118912150705 8000_256:-0.40167245440368154 8500_256:-0.3368581656759026 9000_256:-0.24241218281821134 9500_256:-0.2128336689353933 10000_256:-0.16117517759935976 500_imix:-0.3365552325691932 1000_imix:-0.35654184886309276 1500_imix:-0.42121810426584533 2000_imix:-0.45986581965008244 2500_imix:-0.499651668246303 3000_imix:-0.5342930720913255 3500_imix:-0.5798101137114443 4000_imix:-0.558592473134911 4500_imix:-0.6318179888335254 5000_imix:-0.6296823089615781 5500_imix:-0.5060331300922372 6000_imix:-0.7456449866673394 6500_imix:-0.6841194493341024 7000_imix:-0.6994729253375973 7500_imix:-0.6256305188142349 8000_imix:-0.6230178119613721 8500_imix:-0.5776500533454053 9000_imix:-0.5425581542457028 9500_imix:-0.4398507322586478 10000_imix:-0.3680435953272437 
 ; 
 ; 
500_256; 500_64:0.9557173208456906 1000_64:0.902530975050898 1500_64:0.7600252751436771 2000_64:0.2513115857258914 2500_64:-0.5730641117685367 3000_64:-0.7908051478884673 3500_64:-0.8821189879894177 4000_64:-0.9002904377257875 4500_64:-0.9248676056079785 5000_64:-0.9085548039169066 5500_64:-0.8850830960962118 6000_64:-0.8390700918397892 6500_64:-0.7839082776065097 7000_64:-0.7015211341247758 7500_64:-0.6331360792484203 8000_64:-0.5601547796849556 8500_64:-0.49535335302366773 9000_64:-0.4747986382286348 9500_64:-0.4134091284651403 10000_64:-0.3339752770019205 500_256:1.0000000000000002 1000_256:0.9825728356944107 1500_256:0.9722627668735281 2000_256:0.932323205208271 2500_256:0.8789333551913538 3000_256:0.8283698743248585 3500_256:0.7538659385830627 4000_256:0.6709117173292813 4500_256:0.5058398459717525 5000_256:0.3152597594970204 5500_256:0.02667525944597281 6000_256:-0.126686149635799 6500_256:-0.28650359441970114 7000_256:-0.4782607694092182 7500_256:-0.5343897039462254 8000_256:-0.5995489386122832 8500_256:-0.6499088648366348 9000_256:-0.6098016123766061 9500_256:-0.7392627505895469 10000_256:-0.7632700935336951 500_imix:0.9508579074979964 1000_imix:0.92931985260951 1500_imix:0.8799395210644425 2000_imix:0.8542984165946003 2500_imix:0.8104984355365588 3000_imix:0.7981331675673641 3500_imix:0.7743460380268906 4000_imix:0.7037218198813929 4500_imix:0.6862871310158539 5000_imix:0.6630498100931066 5500_imix:0.48579171967235574 6000_imix:0.610490593385074 6500_imix:0.37087866254405005 7000_imix:0.28925204402499655 7500_imix:0.08816089576487275 8000_imix:-0.057349839409824015 8500_imix:-0.2579712948103271 9000_imix:-0.3945083266326697 9500_imix:-0.4814326325804169 10000_imix:-0.5819929716697769 
 ; 
 ; 
1000_256; 500_64:0.9740550116817072 1000_64:0.93662745757329 1500_64:0.8021074080561759 2000_64:0.26863328067930925 2500_64:-0.5511109103408509 3000_64:-0.7967358284493473 3500_64:-0.8926511256177149 4000_64:-0.9226130759511484 4500_64:-0.9507721174647163 5000_64:-0.9495900195528625 5500_64:-0.9300291786487231 6000_64:-0.8895189638565272 6500_64:-0.838820112586842 7000_64:-0.7732797578672586 7500_64:-0.7029349158162594 8000_64:-0.6339643520353301 8500_64:-0.5695220594389034 9000_64:-0.5508251464993327 9500_64:-0.49059310863207056 10000_64:-0.4075519483939776 500_256:0.9825728356944107 1000_256:1.0000000000000002 1500_256:0.9911612847631822 2000_256:0.9601101152168493 2500_256:0.9225376503636792 3000_256:0.8818033446252023 3500_256:0.8067928607134836 4000_256:0.7207224861392937 4500_256:0.5677629797653756 5000_256:0.37488752887168225 5500_256:0.07388821576816908 6000_256:-0.07662743325027115 6500_256:-0.25963966503600855 7000_256:-0.4318337619303264 7500_256:-0.49221766051616583 8000_256:-0.5612761560154039 8500_256:-0.619781505377727 9000_256:-0.6007687999747914 9500_256:-0.7269471845061912 10000_256:-0.7556026993735554 500_imix:0.9569862473536814 1000_imix:0.9454014194860444 1500_imix:0.9218913710575166 2000_imix:0.9043834537454546 2500_imix:0.8693307042969864 3000_imix:0.8524519924771412 3500_imix:0.8317734596529825 4000_imix:0.7695462748672707 4500_imix:0.7663830049414069 5000_imix:0.7207739082805759 5500_imix:0.5212592236661344 6000_imix:0.6866848537286238 6500_imix:0.4517319045610314 7000_imix:0.3783477947129809 7500_imix:0.1735134842847846 8000_imix:0.024828779914969918 8500_imix:-0.17052904173862027 9000_imix:-0.3381514702818816 9500_imix:-0.43634967653378615 10000_imix:-0.5467145882128904 
 ; 
 ; 
1500_256; 500_64:0.9694940586660141 1000_64:0.962952714238646 1500_64:0.8412783310434752 2000_64:0.3465797119029277 2500_64:-0.4908952661864328 3000_64:-0.746320846012287 3500_64:-0.8571365205743264 4000_64:-0.8933172589526741 4500_64:-0.9408268708058266 5000_64:-0.945565594264157 5500_64:-0.9425607737947878 6000_64:-0.913872354414595 6500_64:-0.8763434754964616 7000_64:-0.8167678422389312 7500_64:-0.7597721359731061 8000_64:-0.693936359221073 8500_64:-0.6340614113152776 9000_64:-0.6180714391769379 9500_64:-0.5574146129205099 10000_64:-0.479279101112263 500_256:0.9722627668735281 1000_256:0.9911612847631822 1500_256:1.0 2000_256:0.9843796472273734 2500_256:0.9570606161493569 3000_256:0.9239684791193351 3500_256:0.8667625279291197 4000_256:0.7930046204525039 4500_256:0.6517205785798493 5000_256:0.4776939809089324 5500_256:0.17395634958920445 6000_256:0.032878980236893215 6500_256:-0.15029890561272335 7000_256:-0.33213926426408213 7500_256:-0.39909389262918893 8000_256:-0.46955147801737807 8500_256:-0.530200993290403 9000_256:-0.5365956384872655 9500_256:-0.6399368892404498 10000_256:-0.6763427433713738 500_imix:0.9318880268688371 1000_imix:0.916942011381854 1500_imix:0.8978447212164048 2000_imix:0.8836095667238397 2500_imix:0.852430948488153 3000_imix:0.847815726866713 3500_imix:0.8289686244442175 4000_imix:0.7638202969513928 4500_imix:0.7623152551171948 5000_imix:0.7233760595343686 5500_imix:0.5055208096142997 6000_imix:0.6976496122965768 6500_imix:0.46337864568322273 7000_imix:0.3805694984474345 7500_imix:0.18524771021485592 8000_imix:0.030809353226400323 8500_imix:-0.16145052980816915 9000_imix:-0.3151928749168015 9500_imix:-0.41325701579595187 10000_imix:-0.5186326476274107 
 ; 
 ; 
