bridge,1,1,4,33,0,33,0,0,0,0,0,W,0,0,0,0,0,0,0,0
bridge,1,1,4,312286,312373,312373,312373,312373,0,0,0,W,0,380032,0,380032,0,0,0,0
bridge,1,1,4,703638,703636,1016084,1016082,1016084,0,0,0,W,0,0,0,380032,0,0,0,0
bridge,1,1,4,707395,707395,1723548,1723548,1723548,0,0,0,W,0,0,0,380032,0,0,0,0
bridge,1,1,4,480438,480440,2204698,2204698,2204698,0,0,0,W,0,0,0,380032,0,0,0,0
bridge,1,1,4,1537844,1537844,3743054,3743054,3743054,0,0,0,W,0,0,0,380032,0,0,0,0
bridge,1,1,4,1775008,1775020,5518210,5518206,5518206,0,0,0,W,0,0,0,380032,0,0,0,0
bridge,1,1,4,1786416,1786416,7304798,7304798,7304798,0,0,0,W,0,0,0,380032,0,0,0,0
bridge,1,1,4,1751050,1751052,9056008,9056008,9056008,0,0,0,W,0,0,0,380032,0,0,0,0
bridge,1,1,4,1742106,1742138,10799540,10799540,10799540,0,0,0,W,0,0,0,380032,0,0,0,0
bridge,1,1,4,1776160,1776168,12575914,12575914,12575914,0,0,0,W,0,0,0,380032,0,0,0,0
bridge,1,1,4,1711005,1711032,14287679,14287674,14287674,0,0,0,W,0,0,0,380032,0,0,0,0
bridge,1,1,4,1753074,1753074,16040862,16040862,16040862,0,0,0,W,0,0,0,380032,0,0,0,0
bridge,1,1,4,1742910,1742910,17783886,17783886,17783886,0,0,0,W,0,0,0,380032,0,0,0,0
bridge,1,1,4,1754041,1754009,19538020,19537988,19537988,0,0,0,W,0,0,0,380032,0,0,0,0
bridge,1,1,4,889429,889429,20428474,20428474,20428474,0,0,0,W,0,0,0,380032,0,0,0,0
bridge,1,1,4,967197,952629,21396151,21381583,21381592,0,0,0,W,0,89240,0,469272,0,0,0,0
bridge,1,1,4,596122,609460,21992330,21991043,21991043,0,0,0,W,0,926804,0,1396076,0,0,0,0
bridge,1,1,4,605618,597321,22598020,22589723,22589723,0,0,0,W,0,931511,0,2327587,0,0,0,0
bridge,1,1,4,601859,593787,23199893,23183510,23183510,0,0,0,W,0,931106,0,3258693,0,0,0,0
bridge,1,1,4,576945,582166,23776838,23765676,23765676,0,0,0,W,0,885237,0,4143930,0,0,0,0
bridge,1,1,4,603090,603408,24379928,24369084,24369085,0,0,0,W,0,878904,0,5022834,0,0,0,0
bridge,1,1,4,561494,565531,24941520,24934615,24934615,0,0,0,W,0,908489,0,5931323,0,0,0,0
bridge,1,1,4,516114,506732,25457730,25441347,25441347,0,0,0,W,0,943815,0,6875138,0,0,0,0
bridge,1,1,4,568616,568616,26026346,26009963,26009963,0,0,0,W,0,890008,0,7765146,0,0,0,0
bridge,1,1,4,580211,582041,26606557,26592004,26592004,0,0,0,W,0,989080,0,8754226,0,0,0,0
bridge,1,1,4,107026,121642,26713648,26713646,26713646,0,0,0,W,0,852570,0,9606796,0,0,0,0
bridge,1,1,4,1601675,1601675,28315865,28315865,28315865,0,0,0,W,0,0,0,9606796,0,0,0,0
bridge,1,1,4,1563886,1563886,29879829,29879829,29879829,0,0,0,W,0,0,0,9606796,0,0,0,0
bridge,1,1,4,1605413,1605445,31485843,31485843,31485843,0,0,0,W,0,0,0,9606796,0,0,0,0
bridge,1,1,4,1602747,1602750,33088658,33088658,33088658,0,0,0,W,0,0,0,9606796,0,0,0,0
bridge,1,1,4,1606176,1606176,34695060,34695060,34695060,0,0,0,W,0,0,0,9606796,0,0,0,0
bridge,1,1,4,1603994,1603994,36299120,36299120,36299120,0,0,0,W,0,0,0,9606796,0,0,0,0
bridge,1,1,4,1602736,1602736,37901908,37901908,37901908,0,0,0,W,0,0,0,9606796,0,0,0,0
bridge,1,1,4,1609097,1609095,39511178,39511176,39511176,0,0,0,W,0,0,0,9606796,0,0,0,0
bridge,1,1,4,1440692,1440695,40951919,40951919,40951919,0,0,0,W,0,0,0,9606796,0,0,0,0
bridge,1,1,4,1222160,1222161,42174126,42174126,42174126,0,0,0,W,0,0,0,9606796,0,0,0,0
bridge,1,1,4,709918,709918,42884396,42884396,42884396,0,0,0,W,0,0,0,9606796,0,0,0,0
bridge,1,1,4,834875,824438,43719368,43708931,43708931,0,0,0,W,0,492926,0,10099722,0,0,0,0
bridge,1,1,4,802703,806399,44522682,44515330,44515330,0,0,0,W,0,649376,0,10749098,0,0,0,0
bridge,1,1,4,728151,735675,45251009,45251005,45251005,0,0,0,W,0,698431,0,11447529,0,0,0,0
bridge,1,1,4,755861,739478,46006938,45990555,45990555,0,0,0,W,0,667736,0,12115265,0,0,0,0
bridge,1,1,4,726873,726873,46733811,46717428,46717428,0,0,0,W,0,676818,0,12792083,0,0,0,0
bridge,1,1,4,728958,735544,47462769,47452972,47452972,0,0,0,W,0,692605,0,13484688,0,0,0,0
bridge,1,1,4,737978,731427,48200782,48184399,48184399,0,0,0,W,0,663770,0,14148458,0,0,0,0
bridge,1,1,4,601285,617528,48802067,48801927,48801927,0,0,0,W,0,358281,0,14506739,0,0,0,0
bridge,1,1,4,623649,611360,49425745,49413287,49413287,0,0,0,W,0,303435,0,14810174,0,0,0,0
bridge,1,1,4,480943,477091,49906723,49890378,49890378,0,0,0,W,0,363923,0,15174097,0,0,0,0
bridge,1,1,4,226012,242407,50133041,50133041,50133041,0,0,0,W,0,267011,0,15441108,0,0,0,0
bridge,1,1,4,707527,691146,50840595,50824211,50824212,0,0,0,W,0,152052,0,15593160,0,0,0,0
bridge,1,1,4,614510,627714,51455105,51451925,51451925,0,0,0,W,0,316160,0,15909320,0,0,0,0
bridge,1,1,4,647282,646686,52102413,52098611,52098611,0,0,0,W,0,292181,0,16201501,0,0,0,0
bridge,1,1,4,629183,616614,52731608,52715225,52715225,0,0,0,W,0,303539,0,16505040,0,0,0,0
bridge,1,1,4,640894,657277,53372502,53372502,53372502,0,0,0,W,0,303872,0,16808912,0,0,0,0
bridge,1,1,4,650819,634436,54023333,54006950,54006950,0,0,0,W,0,285784,0,17094696,0,0,0,0
bridge,1,1,4,816483,816483,54839816,54823433,54823433,0,0,0,W,0,805387,0,17900083,0,0,0,0
bridge,1,1,4,748119,748118,55587935,55571551,55571551,0,0,0,W,0,850248,0,18750331,0,0,0,0
bridge,1,1,4,811071,819239,56399006,56390790,56390790,0,0,0,W,0,839732,0,19590063,0,0,0,0
bridge,1,1,4,599302,591143,56998348,56981933,56981933,0,0,0,W,0,914399,0,20504462,0,0,0,0
bridge,1,1,4,725306,725337,57723654,57707270,57707271,0,0,0,W,0,376227,0,20880689,0,0,0,0
bridge,1,1,4,679550,679551,58403204,58386821,58386821,0,0,0,W,0,901963,0,21782652,0,0,0,0
bridge,1,1,4,682322,687503,59085526,59074324,59074324,0,0,0,W,0,892913,0,22675565,0,0,0,0
bridge,1,1,4,653341,648743,59739451,59723067,59723068,0,0,0,W,0,946263,0,23621828,0,0,0,0
bridge,1,1,4,695135,695136,60434586,60418203,60418203,0,0,0,W,0,896283,0,24518111,0,0,0,0
bridge,1,1,4,666574,680716,61101160,61098919,61098919,0,0,0,W,0,900986,0,25419097,0,0,0,0
bridge,1,1,4,517282,519939,61618858,61618858,61618858,0,0,0,W,0,219394,0,25638491,0,0,0,0
bridge,1,1,4,494884,483980,62113769,62102864,62102864,0,0,0,W,0,216353,0,25854844,0,0,0,0
bridge,1,1,4,511306,508122,62625106,62610986,62610989,0,0,0,W,0,202558,0,26057402,0,0,0,0
bridge,1,1,4,478103,486790,63103234,63097776,63097776,0,0,0,W,0,237591,0,26294993,0,0,0,0
bridge,1,1,4,298288,303542,63401548,63401318,63401318,0,0,0,W,0,333533,0,26628526,0,0,0,0
bridge,1,1,4,602245,602277,64004305,64004305,64004305,0,0,0,W,0,30506,0,26659032,0,0,0,0
bridge,1,1,4,561355,561355,64565688,64565688,64565688,0,0,0,W,0,153485,0,26812517,0,0,0,0
bridge,1,1,4,589834,588228,65155552,65153945,65153945,0,0,0,W,0,123766,0,26936283,0,0,0,0
bridge,1,1,4,557998,551682,65713566,65705627,65705659,0,0,0,W,0,152489,0,27088772,0,0,0,0
bridge,1,1,4,585305,587344,66298891,66293899,66293899,0,0,0,W,0,126054,0,27214826,0,0,0,0
bridge,1,1,4,950776,939389,67249671,67233288,67233288,0,0,0,W,0,1584226,0,28799052,0,0,0,0
bridge,1,1,4,832941,832941,68082612,68066229,68066229,0,0,0,W,0,1621490,0,30420542,0,0,0,0
bridge,1,1,4,898204,912763,68980816,68978992,68978992,0,0,0,W,0,1585772,0,32006314,0,0,0,0
bridge,1,1,4,926050,912099,69907474,69891091,69891091,0,0,0,W,0,1555189,0,33561503,0,0,0,0
bridge,1,1,4,950393,950413,70857867,70841504,70841504,0,0,0,W,0,1538841,0,35100344,0,0,0,0
bridge,1,1,4,916140,932519,71774027,71774023,71774023,0,0,0,W,0,887643,0,35987987,0,0,0,0
bridge,1,1,4,1882068,1882068,73656227,73656223,73656227,0,0,0,W,0,0,0,35987987,0,0,0,0
bridge,1,1,4,2683547,2683559,76339882,76339882,76339882,0,0,0,W,0,0,0,35987987,0,0,0,0
bridge,1,1,4,2666696,2666694,79006755,79006753,79006753,0,0,0,W,0,0,0,35987987,0,0,0,0
bridge,1,1,4,2515397,2515404,81522276,81522276,81522276,0,0,0,W,0,0,0,35987987,0,0,0,0
bridge,1,1,4,1525669,1525673,83048008,83048008,83048008,0,0,0,W,0,0,0,35987987,0,0,0,0
bridge,1,1,4,1500763,1500763,84548813,84548813,84548813,0,0,0,W,0,0,0,35987987,0,0,0,0
bridge,1,1,4,1505878,1505876,86054763,86054761,86054761,0,0,0,W,0,0,0,35987987,0,0,0,0
bridge,1,1,4,1512275,1512275,87567111,87567111,87567111,0,0,0,W,0,0,0,35987987,0,0,0,0
bridge,1,1,4,1525952,1525952,89093415,89093383,89093415,0,0,0,W,0,0,0,35987987,0,0,0,0
bridge,1,1,4,1474256,1474272,90568115,90568115,90568115,0,0,0,W,0,0,0,35987987,0,0,0,0
bridge,1,1,4,1068600,1068596,91636859,91636855,91636855,0,0,0,W,0,0,0,35987987,0,0,0,0
bridge,1,1,4,1144110,1144110,92781109,92781109,92781109,0,0,0,W,0,0,0,35987987,0,0,0,0
bridge,1,1,4,1566966,1566966,94348136,94348136,94348136,0,0,0,W,0,0,0,35987987,0,0,0,0
bridge,1,1,4,1560506,1560516,95908823,95908823,95908823,0,0,0,W,0,0,0,35987987,0,0,0,0
bridge,1,1,4,2480978,2480978,98389831,98389831,98389831,0,0,0,W,0,0,0,35987987,0,0,0,0
bridge,1,1,4,2449631,2449632,100839485,100839485,100839485,0,0,0,W,0,0,0,35987987,0,0,0,0
bridge,1,1,4,2452431,2452427,103291947,103291943,103291943,0,0,0,W,0,0,0,35987987,0,0,0,0
bridge,1,1,4,2454911,2454910,105746876,105746875,105746875,0,0,0,W,0,0,0,35987987,0,0,0,0
bridge,1,1,4,2488553,2488553,108235464,108235464,108235464,0,0,0,W,0,0,0,35987987,0,0,0,0
bridge,1,1,4,2357151,2357148,110592695,110592692,110592692,0,0,0,W,0,0,0,35987987,0,0,0,0
bridge,1,1,4,2344939,2344964,112937970,112937963,112937963,0,0,0,W,0,0,0,35987987,0,0,0,0
bridge,1,1,4,1309000,1308970,114247079,114247047,114247047,0,0,0,W,0,0,0,35987987,0,0,0,0
bridge,1,1,4,2230655,2230653,116478342,116478340,116478340,0,0,0,W,0,0,0,35987987,0,0,0,0
bridge,1,1,4,2318904,2318904,118797334,118797334,118797334,0,0,0,W,0,0,0,35987987,0,0,0,0
bridge,1,1,4,654574,654574,119451933,119451933,119451933,0,0,0,W,0,0,0,35987987,0,0,0,0
bridge,1,1,4,654707,654707,120106657,120106657,120106657,0,0,0,W,0,0,0,35987987,0,0,0,0
bridge,1,1,4,656080,656048,120762770,120762738,120762738,0,0,0,W,0,0,0,35987987,0,0,0,0
bridge,1,1,4,653234,653298,121416452,121416452,121416452,0,0,0,W,0,0,0,35987987,0,0,0,0
bridge,1,1,4,655130,655130,122071616,122071616,122071616,0,0,0,W,0,0,0,35987987,0,0,0,0
bridge,1,1,4,648031,648030,122719662,122719661,122719662,0,0,0,W,0,0,0,35987987,0,0,0,0
bridge,1,1,4,575601,561454,123296162,123281983,123281983,0,0,0,W,0,34571,0,36022558,0,0,0,0
bridge,1,1,4,470463,468272,123766670,123750255,123750255,0,0,0,W,0,186098,0,36208656,0,0,0,0
bridge,1,1,4,286143,302558,124052813,124052813,124052813,0,0,0,W,0,300750,0,36509406,0,0,0,0
bridge,1,1,4,539492,539524,124593120,124593120,124593120,0,0,0,W,0,141991,0,36651397,0,0,0,0
bridge,1,1,4,562662,562662,125155805,125155805,125155805,0,0,0,W,0,619169,0,37270566,0,0,0,0
bridge,1,1,4,586407,570027,125742299,125725916,125725916,0,0,0,W,0,594273,0,37864839,0,0,0,0
bridge,1,1,4,641211,641211,126383510,126367127,126367127,0,0,0,W,0,542753,0,38407592,0,0,0,0
bridge,1,1,4,584873,601256,126968383,126968383,126968383,0,0,0,W,0,606155,0,39013747,0,0,0,0
bridge,1,1,4,645812,629429,127614273,127597890,127597890,0,0,0,W,0,545973,0,39559720,0,0,0,0
bridge,1,1,4,617500,617500,128231773,128215390,128215390,0,0,0,W,0,544931,0,40104651,0,0,0,0
bridge,1,1,4,700636,717019,128932409,128932409,128932409,0,0,0,W,0,439675,0,40544326,0,0,0,0
bridge,1,1,4,1086521,1086521,130018989,130018989,130018989,0,0,0,W,0,0,0,40544326,0,0,0,0
bridge,1,1,4,1069621,1069621,131088656,131088656,131088656,0,0,0,W,0,0,0,40544326,0,0,0,0
bridge,1,1,4,968213,968217,132056973,132056973,132056973,0,0,0,W,0,0,0,40544326,0,0,0,0
bridge,1,1,4,1442972,1442972,133500020,133500020,133500020,0,0,0,W,0,0,0,40544326,0,0,0,0
bridge,1,1,4,1434807,1434807,134934868,134934868,134934868,0,0,0,W,0,0,0,40544326,0,0,0,0
bridge,1,1,4,1436630,1436630,136371563,136371563,136371563,0,0,0,W,0,0,0,40544326,0,0,0,0
bridge,1,1,4,1437010,1437010,137808627,137808627,137808627,0,0,0,W,0,0,0,40544326,0,0,0,0
bridge,1,1,4,1426908,1426908,139235615,139235615,139235615,0,0,0,W,0,0,0,40544326,0,0,0,0
bridge,1,1,4,1432339,1432343,140668020,140668020,140668020,0,0,0,W,0,0,0,40544326,0,0,0,0
bridge,1,1,4,1410135,1410135,142078955,142078923,142078923,0,0,0,W,0,0,0,40544326,0,0,0,0
bridge,1,1,4,1409468,1409436,143488771,143488739,143488739,0,0,0,W,0,0,0,40544326,0,0,0,0
bridge,1,1,4,1435808,1435838,144925091,144925089,144925089,0,0,0,W,0,0,0,40544326,0,0,0,0
bridge,1,1,4,1043732,1043732,145968869,145968866,145968869,0,0,0,W,0,0,0,40544326,0,0,0,0
bridge,1,1,4,1062893,1062893,147031847,147031847,147031847,0,0,0,W,0,0,0,40544326,0,0,0,0
bridge,1,1,4,1265014,1265046,148297295,148297295,148297295,0,0,0,W,0,0,0,40544326,0,0,0,0
bridge,1,1,4,1264557,1264558,149561899,149561899,149561899,0,0,0,W,0,0,0,40544326,0,0,0,0
bridge,1,1,4,1274540,1274540,150836486,150836485,150836486,0,0,0,W,0,0,0,40544326,0,0,0,0
bridge,1,1,4,1279614,1279582,152116173,152116141,152116141,0,0,0,W,0,0,0,40544326,0,0,0,0
bridge,1,1,4,1253813,1253813,153370855,153370855,153370855,0,0,0,W,0,0,0,40544326,0,0,0,0
bridge,1,1,4,1230236,1230236,154601122,154601122,154601122,0,0,0,W,0,0,0,40544326,0,0,0,0
bridge,1,1,4,1243923,1243923,155845080,155845080,155845080,0,0,0,W,0,0,0,40544326,0,0,0,0
bridge,1,1,4,1260935,1260935,157106050,157106050,157106050,0,0,0,W,0,0,0,40544326,0,0,0,0
bridge,1,1,4,1320565,1320565,158427232,158427232,158427232,0,0,0,W,0,0,0,40544326,0,0,0,0
bridge,1,1,4,1083279,1083286,159510614,159510614,159510614,0,0,0,W,0,0,0,40544326,0,0,0,0
bridge,1,1,4,1871012,1871010,161381734,161381732,161381732,0,0,0,W,0,0,0,40544326,0,0,0,0
bridge,1,1,4,2201978,2201977,163583768,163583767,163583768,0,0,0,W,0,0,0,40544326,0,0,0,0
bridge,1,1,4,2212413,2212413,165796262,165796262,165796262,0,0,0,W,0,0,0,40544326,0,0,0,0
bridge,1,1,4,2220652,2220651,168017028,168017027,168017027,0,0,0,W,0,0,0,40544326,0,0,0,0
bridge,1,1,4,2218585,2218585,170235676,170235676,170235676,0,0,0,W,0,0,0,40544326,0,0,0,0
bridge,1,1,4,2205057,2205056,172440838,172440837,172440837,0,0,0,W,0,0,0,40544326,0,0,0,0
bridge,1,1,4,2181370,2181370,174622310,174622308,174622308,0,0,0,W,0,0,0,40544326,0,0,0,0
bridge,1,1,4,2184902,2184899,176807305,176807302,176807302,0,0,0,W,0,0,0,40544326,0,0,0,0
bridge,1,1,4,2151407,2151407,178958846,178958846,178958846,0,0,0,W,0,0,0,40544326,0,0,0,0
bridge,1,1,4,1295763,1295764,180254649,180254649,180254649,0,0,0,W,0,0,0,40544326,0,0,0,0
bridge,1,1,4,833483,833480,181088216,181088212,181088212,0,0,0,W,0,0,0,40544326,0,0,0,0
bridge,1,1,4,1249079,1249079,182337431,182337431,182337431,0,0,0,W,0,0,0,40544326,0,0,0,0
bridge,1,1,4,1342273,1342273,183679745,183679745,183679745,0,0,0,W,0,0,0,40544326,0,0,0,0
bridge,1,1,4,1339978,1339978,185019764,185019764,185019764,0,0,0,W,0,0,0,40544326,0,0,0,0
bridge,1,1,4,1335062,1335094,186355082,186355082,186355082,0,0,0,W,0,0,0,40544326,0,0,0,0
bridge,1,1,4,1323033,1323035,187678132,187678132,187678132,0,0,0,W,0,0,0,40544326,0,0,0,0
bridge,1,1,4,1302137,1302105,188980308,188980276,188980276,0,0,0,W,0,0,0,40544326,0,0,0,0
bridge,1,1,4,1297500,1297468,190278100,190278068,190278068,0,0,0,W,0,0,0,40544326,0,0,0,0
bridge,1,1,4,1441420,1441452,191719840,191719840,191719840,0,0,0,W,0,0,0,40544326,0,0,0,0
bridge,1,1,4,2804751,2804759,194524704,194524704,194524704,0,0,0,W,0,0,0,40544326,0,0,0,0
bridge,1,1,4,2440565,2440535,196965332,196965300,196965305,0,0,0,W,0,0,0,40544326,0,0,0,0
bridge,1,1,4,999008,999200,197966612,197966580,197966580,0,0,0,W,0,0,0,40544326,0,0,0,0
bridge,1,1,4,2734892,2734924,200701920,200701920,200701920,0,0,0,W,0,0,0,40544326,0,0,0,0
bridge,1,1,4,2816876,2816876,203518932,203518932,203518932,0,0,0,W,0,0,0,40544326,0,0,0,0
bridge,1,1,4,2771960,2771990,206291340,206291338,206291338,0,0,0,W,0,0,0,40544326,0,0,0,0
bridge,1,1,4,2839116,2839084,209130574,209130542,209130542,0,0,0,W,0,0,0,40544326,0,0,0,0
bridge,1,1,4,2764855,2764917,211896011,211896009,211896009,0,0,0,W,0,0,0,40544326,0,0,0,0
bridge,1,1,4,2823031,2823029,214719123,214719117,214719122,0,0,0,W,0,0,0,40544326,0,0,0,0
bridge,1,1,4,2631316,2631317,217350571,217350571,217350571,0,0,0,W,0,0,0,40544326,0,0,0,0
bridge,1,1,4,1296476,1296477,218647115,218647115,218647115,0,0,0,W,0,0,0,40544326,0,0,0,0
bridge,1,1,4,1287079,1287079,219934227,219934227,219934227,0,0,0,W,0,0,0,40544326,0,0,0,0
bridge,1,1,4,1136665,1136665,221070950,221070950,221070950,0,0,0,W,0,0,0,40544326,0,0,0,0
bridge,1,1,4,1023582,1023580,222095186,222095184,222095184,0,0,0,W,0,0,0,40544326,0,0,0,0
bridge,1,1,4,1325494,1325497,223420760,223420760,223420760,0,0,0,W,0,0,0,40544326,0,0,0,0
bridge,1,1,4,1297897,1297897,224718714,224718714,224718714,0,0,0,W,0,0,0,40544326,0,0,0,0
bridge,1,1,4,1300527,1300527,226019291,226019291,226019291,0,0,0,W,0,0,0,40544326,0,0,0,0
bridge,1,1,4,1018674,1015170,227038034,227034530,227034533,0,0,0,W,0,83097,0,40627423,0,0,0,0
bridge,1,1,4,950593,937774,227988687,227972304,227972304,0,0,0,W,0,322315,0,40949738,0,0,0,0
bridge,1,1,4,887423,903198,228876110,228875502,2288